9.336252504011280928e-01 -7.440816338353517523e-02 3.899511216214684994e-02 2.537731860083118976e-02 2.509961379336504705e-02 1.499711972038487995e-02 3.814822317364709864e-02 5.184044579658145246e-02 -1.613864440914123191e-02 -1.783923116207125070e-01 6.927486910830579769e-02 1.241048294526850559e-01 9.428468559173822441e-03 1.848253759260986076e-02 6.397532978886517896e-02 -2.697268353000993948e-03 -6.525749549255543958e-02 -4.333411774398245042e-02 5.313036761605380992e-02 4.328022742996766314e-02 1.162654022284050209e-01 3.644843658579409451e-02 -1.791663689079516647e-02 -3.011247538860520323e-03 -3.092806140901441930e-02 4.342993295107906715e-02 5.124377948640981145e-02 5.478300749291011018e-02 1.728548514300281419e-02 2.098029301864286211e-02 -9.688743752208960058e-02 1.585767099464545915e-01 -1.508739096053357889e-02 2.085977654340701870e-01 2.539592873153059122e-02 -4.552650049895836659e-01 2.950618789855190965e-02 2.778917802233062950e-01 -2.341661750196325636e-02 -7.464978878939027181e-03 1.703399185800883592e-02 4.824232091247136756e-02 4.579825615246406467e-02 -7.803908668138753724e-02 -1.806013392205920928e-03 -5.401882968315332295e-02 2.160101576481849445e-02 9.510354405065485003e-03 -1.198734962756433514e-04 -3.745404338558178114e-02 -2.333664917974338088e-02 3.304694631994665316e-02 6.287652367638489614e-02 2.205463684194748364e-01 3.593175027211883282e-02 -4.886563393238563952e-02 -3.767458615739203154e-01 7.463963992151323446e-02 -9.029738477182670808e-03 -2.085702640124723235e-03 -1.691843587212615851e-02 7.146596579528461529e-04 -3.127847133935372781e-02 1.638902533068232331e-02 -4.908662960268997399e-03 1.558690474437194988e-02 1.098811078035016355e-02 8.658952303068739517e-03 2.668898844282098504e-02 2.369052251993980767e-03 -2.781492113250768564e-03 -1.127476730706524974e-02 6.080627135944271372e-03 1.516058145650375040e-03 1.738463822279180497e-03 1.768942857092654225e-02 -1.863698719932345774e-02 -1.418480384693804330e-04 -2.615202733145647988e-03 -1.391110521240111276e-03 -1.036516061267278577e-02 1.633133278430605809e-02 -7.677797127343365113e-03 -3.902972943825067792e-03 -5.464571821662950017e-03 2.501811940691727604e-02 -8.169883506908568252e-03 -4.558456786003120889e-03 -6.895556340652890179e-03 -4.063002025960371633e-02 -1.103986350720608314e-02 3.147781037199654051e-03 -2.609419239725066161e-03 1.737550030986817311e-04 1.648544232636448351e-02 7.415701261475751010e-03 1.283173085471845526e-02 4.190128175393343507e-03 2.100778309959738625e-03 -1.807986304132638833e-02 -5.538591647282537292e-03 6.556558379539837583e-03 9.480213122987140792e-03 -1.415077631073511331e-02 2.952863119981509119e-04 -1.152719535891062394e-03
-7.440816338353517523e-02 9.962540405731430404e-01 2.971320430310288654e-02 1.548329479448165178e-03 -8.795736135463838243e-03 -1.366148547947459123e-02 -5.892712631402577395e-03 -2.626707465158918588e-03 5.986858192174534382e-03 4.133283663250458123e-02 -2.007551826199815634e-02 -3.785261958866951992e-02 -9.839009074442713401e-03 -5.374394723799975904e-03 -6.670464239650323104e-03 9.267559085602859736e-03 6.210847090252834962e-03 1.387893813479602889e-02 3.270532971182339710e-02 3.995256308624239860e-02 -2.986373990819541496e-03 1.648497683883524967e-02 6.398248541309235760e-03 -1.559041975953898498e-02 -8.062867469976147880e-03 -3.165511858447355061e-03 -3.518546914544019074e-03 -1.912635646543255422e-02 1.396300156819837122e-02 -3.206948222473574982e-05 -3.772393900319544364e-03 -2.149580483802455977e-02 1.373875673759941164e-03 -2.253956717528106390e-02 4.409197341190846525e-03 3.752747557949649704e-02 2.795069137189062913e-02 -2.567062401375717201e-02 5.644387735694500821e-03 4.695102499729614937e-03 5.908429234985062423e-03 -1.886158637023107806e-02 -3.257667437758200724e-02 2.868301902691360733e-02 1.204762460645261712e-02 -4.812758900123522907e-03 5.834461671355668962e-03 -1.240248063892123928e-02 1.428300510488882472e-02 6.842546058420881545e-03 5.794351859112272310e-03 3.661406130753645620e-03 -6.291394215841434635e-03 -1.830254584366974510e-02 8.218475269361241037e-03 2.484034013583122369e-02 1.133851548313556667e-02 9.343498959910711676e-04 -1.548220835560638886e-02 -6.371604044965127611e-02 -4.859212343339234380e-02 1.214570901370380512e-01 6.243015573334277819e-03 -6.157725119970849231e-02 2.628517633174848843e-03 -6.279254118792865907e-03 -3.902194096275945004e-03 1.221929624563195850e-02 3.201192384760424836e-02 1.181169571372298142e-03 -1.434264589163350900e-03 3.697980231087129310e-02 -2.173026200232451924e-03 1.604004289061227665e-03 -1.683851230487926585e-03 -1.259893671022236858e-02 2.969244527388950963e-02 4.562479874485979650e-03 -1.160091818335400038e-02 3.652713788498291106e-03 1.150708089190001851e-02 -8.667289392383085338e-04 -9.835155866996989765e-03 -2.550350763812269349e-03 -1.226133105121244779e-02 -2.315381159996251527e-04 1.248364821360614663e-02 3.000119397371913028e-03 7.793457420268422656e-03 1.349554854390414838e-01 3.560593477861208334e-02 2.952588058412724224e-03 2.383188729858397303e-02 -1.856834578038457986e-02 -1.977080872532993756e-03 -1.336253780420492560e-02 6.597378034946321107e-03 -2.877577402737189170e-03 -1.214718646640042775e-02 -3.402002708522724973e-04 -1.358278190963612634e-03 9.957525544790984950e-03 -7.745470227657395845e-02 -1.404177729041914888e-02 6.463506221514585259e-03 4.695225840348219749e-03
3.899511216214684994e-02 2.971320430310288654e-02 9.529676567650396946e-01 1.961631191702997365e-03 1.310185508566545469e-02 1.820049768197858908e-01 -1.203472935601249301e-02 -4.781451251028717708e-02 4.785899482516024241e-03 -1.711304732601126588e-02 5.316684199439974945e-02 1.016120069152761096e-01 -2.323112488823267374e-02 2.332607897256125298e-03 -4.754038585446841714e-02 1.610083270690787841e-02 2.133476004092879283e-03 1.035705110725030492e-02 1.659626017276273971e-02 2.433896205519743561e-02 3.793663102266722070e-02 2.499533371961953562e-02 -2.658066205530127540e-02 -1.747316665266729005e-02 -1.181761649966132921e-02 3.594890597389108992e-03 4.116865809079925387e-02 -2.593497490546288475e-02 6.162600096877121625e-03 1.472838529256063206e-02 -4.701784966606454425e-02 -2.009839263813625876e-01 -1.799505186644436219e-02 3.351264928980988156e-01 -2.567268585615053306e-02 -1.024264413014195352e-01 -9.468032130396016044e-02 -1.733449402612349532e-01 -2.474226370722066581e-01 1.188436714256509499e-02 2.293334099868169496e-01 -9.593406570073976375e-03 1.135226124649798551e-01 1.125561083911882643e-01 4.347668818916283068e-02 -1.210790219440648352e-01 -7.652048500262551012e-02 -6.909240229551147361e-02 5.991841259913676526e-02 -1.760617425011601692e-02 -2.113689619249776303e-02 1.390668290036130295e-01 -4.716673613628216688e-02 4.943346982865488570e-01 -1.261772011895610779e-01 -2.182486075067763612e-02 -5.423838739009630150e-02 -2.915340591057655750e-01 -3.499242050434326345e-01 -5.733089410561416702e-03 -7.298825352447618070e-03 -9.946434120601078954e-02 -1.040710176512552390e-02 9.107084060478407017e-02 7.056218747990897038e-03 -1.048863535140832394e-03 3.123874281525162565e-03 -7.015779466703155921e-04 -1.158833873431421892e-02 -1.110891544734254194e-02 2.937113241184702295e-03 1.932600635687686330e-03 -3.846034573166688068e-03 -1.092578355183329575e-02 -1.858962138752920032e-02 1.106014218344704078e-02 5.901767558450304700e-03 -5.467190939100968240e-03 -9.789366825029297350e-03 -9.811032585453226609e-03 -3.537520500264141471e-03 -7.531395950881321355e-03 2.183410058586997618e-02 9.888667371862492478e-03 3.780627358628064691e-03 4.657342236943137065e-05 -2.056215397596452762e-02 -1.641026779073866473e-04 -7.532580057766314827e-03 4.470298293112126564e-02 1.326651740509561962e-03 -5.195580422015108613e-03 -6.114231891524433624e-03 -1.254875322681386039e-02 2.653454870387128659e-03 2.485041152410505123e-03 -9.675096286818989783e-03 -2.890628242073563139e-03 -2.358820271486044770e-03 -9.814446718827234389e-04 -1.379553101359196413e-02 -1.478306778161921770e-02 -1.268375354674558184e-02 5.048878724069440389e-03 4.684124839147969441e-03 1.398088308455071142e-02
2.537731860083118976e-02 1.548329479448165178e-03 1.961631191702997365e-03 9.149884333579716422e-01 -6.419946832490240618e-02 2.789958802543581959e-02 -2.087741642678100570e-02 -1.370678910175335101e-02 -2.404593910806427466e-04 -2.012140379953160710e-02 6.539675984973532252e-02 2.378546158129674765e-02 -1.319116327116977294e-02 1.349366199142334685e-04 1.581348941880553584e-03 7.071252284492485218e-04 -3.242163260775362838e-03 -1.865588449811178811e-03 -1.618256169982651427e-03 -2.285978736786346485e-03 -2.714280805545248899e-03 9.331838963039376178e-05 -1.033517687335524203e-02 -1.234837542137962561e-02 -5.699056709845189226e-04 2.368423338359963368e-02 -1.574126367450062736e-02 8.091063373556599617e-03 4.342173125796156864e-03 1.390149528547442725e-01 -2.235769886136374993e-02 1.107863158811233165e-02 -5.211343103782089051e-03 -1.360420840964082605e-02 3.304334948286979240e-03 3.698533107617167290e-03 4.054756029852382357e-03 1.778693945824832978e-03 -6.742221245821308252e-03 -1.306108858345271431e-03 -1.768684344455247193e-02 1.072978958712707265e-02 3.427917390425513910e-04 -3.857080581928865482e-03 -1.015155940633864079e-02 -4.934889815172512420e-03 1.158736377107202724e-03 4.173957658447077085e-02 -1.550527996748045367e-02 7.091114737781517227e-03 -1.398485833969216781e-02 -1.343135766539989805e-02 1.563926184324063813e-03 -9.808222632518648690e-03 1.485223789056952168e-02 -4.278274516370812307e-04 -2.375857408910901983e-03 4.014720072492002252e-03 -9.283708413804105455e-03 -5.143161997631627309e-05 3.432757259932144207e-03 -6.987713003199417074e-04 6.492471998506514977e-03 -2.768191988449839047e-03 -1.864335771030584815e-03 -6.044793461823637186e-03 -4.948196500103022553e-03 -8.820810800112501753e-05 -5.688341280830799124e-03 8.536263772977418715e-03 -1.055488103185269182e-05 7.304879219668164100e-04 -2.970280942313191942e-03 -3.572556184509856347e-03 -3.706332910344991346e-03 -5.660836006395914433e-04 -9.275053281141728938e-04 -2.408164900552455922e-03 -1.520658594863242901e-04 -1.165190946427462852e-03 -4.653512460959957110e-03 -8.996249729873997611e-04 9.763472290158607680e-03 8.119745326088251280e-04 -2.228179861302332244e-03 -5.303731035637214430e-03 -7.129104224948497369e-04 6.579617831943646196e-03 -1.500795741194859258e-03 4.588196916173895110e-04 -7.890930512381496165e-04 -4.440109419247555860e-04 -1.487992184669006913e-03 -8.198497936831907959e-03 -1.840480524629380110e-03 -1.952755352995820103e-03 -1.586079200510745165e-03 -1.703379423087987912e-03 7.731025437899292224e-03 3.055006166070265046e-03 -2.604471696257236891e-03 -1.149273000275230928e-03 -1.780362593250694840e-03 1.743834565405892774e-03 -4.109891919366674001e-03 1.482470547836053573e-02
2.509961379336504705e-02 -8.795736135463838243e-03 1.310185508566545469e-02 -6.419946832490240618e-02 9.925525806674164730e-01 2.101451599185173019e-02 5.450564457568848886e-04 9.596608904835712828e-03 -1.607849493257765749e-03 -1.680599647558929377e-02 7.784970817716396763e-03 2.087222196778517128e-02 -4.724084878653778997e-03 -2.663151714264695453e-03 -3.218625794640639012e-03 -1.169039457994467193e-03 -3.805422063255702470e-03 -9.202191590289031387e-03 -4.551692309777309250e-03 2.206075382050696468e-04 1.555595891278786346e-04 -1.047646318698993752e-02 2.151694097111801676e-03 -9.938647944219511712e-03 7.419740767056854855e-03 2.960287148672954491e-02 -9.620317908471984897e-03 2.285337457317318174e-02 1.944607276658034479e-03 2.755328470302698118e-02 -1.241857328451296573e-02 -1.683576745708814139e-03 -8.052902464867714438e-03 1.401459914541705425e-02 -1.451303864536112329e-03 -1.562706778148624520e-02 -1.687013339846351809e-03 9.340477895229031338e-03 -9.230391611704535232e-03 6.331496208806147545e-03 2.670951944113335655e-03 1.602909807493942823e-02 -2.564728357144838503e-03 -6.508861731077232940e-03 -5.303524248437165370e-03 -1.941148069403501875e-02 -7.019743081710960210e-03 2.134582711035025449e-02 -8.096208857347832188e-03 5.377353347890836445e-03 -4.455046883777149386e-03 -5.011640385236028339e-04 -3.312047383221561510e-03 1.703652725682647251e-02 1.119682589286319710e-02 -4.327066037985948660e-03 -1.700652650945491673e-02 -1.810728652084425336e-02 -3.752142320287226839e-03 -9.542163849003876958e-03 2.432041845229089647e-03 -8.953693260632226286e-03 -2.523617321647666101e-03 9.587075938121218319e-03 5.324274653411477203e-03 7.942813881789551056e-04 1.223226500119807894e-02 -2.663752067193548168e-03 -2.400849614636011396e-03 -4.092260564321294029e-03 -4.677765151342024377e-03 -6.728034523041704490e-03 -1.078039651017332744e-03 -7.679715798149025323e-03 -4.224929580620141040e-03 1.633172792663042938e-02 -7.035117940672496947e-03 1.514683412127454084e-03 4.024636457292280617e-02 5.318888830942984473e-03 8.711294077395723579e-04 2.531741297837810951e-03 -8.165570660589658962e-04 2.451413677056321974e-03 -4.926830141266806511e-03 -8.558706265232661481e-03 -9.940164552600341819e-03 -5.253669036145024347e-03 -4.502432282150352350e-03 -1.381611952302716495e-02 3.900626747207918289e-03 -2.968911984543859493e-03 1.169492821247787064e-04 -4.316050353212418610e-04 -5.239971993397731648e-03 -5.526977742262455251e-03 -1.269136943174551616e-03 -3.960782699204078681e-03 1.312057635216627369e-02 5.806069872810542230e-03 -4.799706040012807241e-03 1.197131801210393406e-02 6.209448260966225416e-03 5.775879185564766066e-05 -6.509147168595296427e-03 8.026669184249286132e-03
1.499711972038487995e-02 -1.366148547947459123e-02 1.820049768197858908e-01 2.789958802543581959e-02 2.101451599185173019e-02 9.376984736113660457e-01 6.042491342282633321e-04 4.778606387826064145e-03 -1.352920425903026726e-02 -3.165084373221486568e-03 9.083005663280228903e-02 8.964309672890212466e-02 -2.712993532802948984e-02 -1.040048947534181339e-02 -1.500185424744969742e-01 -3.496052574981985822e-02 -7.586933207666909929e-02 -3.155376770442652745e-02 -4.247443309494385033e-03 -5.784276624084857231e-03 1.654225306249771689e-03 -1.215312998799209822e-02 -8.729481535006602261e-05 1.877695901653236854e-02 3.480096727514336852e-02 2.518677346193772329e-02 3.719488963000472381e-02 2.344811145281443243e-02 -5.456143683100996011e-03 4.688448423367561069e-02 -5.295441942233682087e-02 5.499980949550078296e-02 -1.284160205574035995e-03 1.127000284667608321e-01 3.742178069844728609e-03 -1.254020441417850462e-01 8.137055243703264192e-04 -9.541546778587259303e-02 -6.328058200320138549e-02 1.342392533360228356e-03 6.158890791506885232e-02 8.911767036602250003e-02 1.098041997053313401e-01 -1.905321671196779851e-02 2.256860263483856377e-02 -1.222623377934629191e-01 -3.080946373685722675e-02 1.650222051197400633e-02 2.097691112005895669e-02 2.746419144461253667e-03 -1.991354749871390717e-02 8.390462498744884201e-02 -1.505989448355484206e-01 1.567285888237586466e-01 4.767946626015912015e-02 -3.181540327732580026e-02 -1.945659689732891495e-01 -4.896170987910958804e-03 -9.519066948217251578e-02 6.533496923545992902e-03 -1.374389055690756686e-02 -2.975546950182363093e-02 -1.439410114853473428e-03 3.022559110102913948e-02 -2.141217532808600572e-03 -4.292817147187494818e-03 -9.437204976021486974e-03 -2.300587202173134125e-05 -4.197701511676228160e-03 1.425573830093901720e-02 1.042159984106382723e-03 -1.091631295750706589e-02 2.164362825587477258e-03 1.026274625503649680e-02 -3.284578232285377368e-03 7.191058367432144778e-03 1.124256924972045699e-03 -3.816570786389129628e-03 6.951017296460397120e-04 -3.309903029655172305e-03 -1.144841627263200106e-03 -7.412911448711992368e-03 4.024199758451384168e-04 8.812540042925318465e-03 3.034560495714689731e-03 1.851136545518968076e-03 -5.054839035145009506e-03 8.200417360672172459e-03 1.406736831367305304e-03 1.105576288173857995e-02 -8.071227043300701828e-03 5.329867545172788275e-03 -8.009173378322907363e-03 -8.283578762183590322e-03 -7.017430038318908658e-03 2.860784882700450390e-03 -3.361174361265694636e-03 4.202218429951620933e-03 3.141999519780037942e-03 -1.021534990675958959e-02 1.097842743455525183e-02 -2.882829237260799930e-03 -3.495299135225901112e-03 -1.052071579201326046e-02 6.417491328232746532e-03 1.068819526737727760e-02
3.814822317364709864e-02 -5.892712631402577395e-03 -1.203472935601249301e-02 -2.087741642678100570e-02 5.450564457568848886e-04 6.042491342282633321e-04 1.002251964345575175e+00 -4.739188076568226493e-02 -1.706008405255715014e-03 -2.604530576697452471e-01 -4.036777630196818761e-02 -5.194572065058763316e-02 -3.620181887765521606e-02 -2.825736630240616772e-03 -3.798632746386879089e-02 -1.853469719833879606e-02 -1.952830915164039879e-02 -1.047204114971450779e-02 -1.111626126569593975e-02 -1.309340047799689016e-02 -1.863141018992910472e-02 -1.418850257175419648e-02 2.332575385283781194e-02 -3.531910736193260084e-03 1.659382710764939484e-02 -4.488951022849057421e-03 -1.036855693381209115e-02 1.494700944435869852e-03 -5.333465506900796418e-03 6.546837116660746830e-03 2.213353295619489153e-02 2.878911925077187392e-02 1.651868702530829430e-02 -1.332821020921416515e-02 2.570685246282307986e-03 -1.225766222650336371e-02 -8.235011764356342523e-04 1.118590682756194846e-02 1.189535868748970854e-01 8.986804468174568183e-02 -3.110623628490937972e-02 2.315281167815086416e-02 -1.832576822707879596e-02 -8.573129287572684928e-03 -2.893306797785912682e-02 -2.782207502700408813e-02 -9.380296908509538206e-03 1.428603253554050663e-02 1.271349686783304622e-02 -5.416210155924405800e-02 4.040241706518476333e-02 -1.575802226909721326e-02 -3.802760921140953959e-02 -7.005412918998327881e-03 2.280832867435088687e-02 -5.960162346031585082e-03 -3.005152248693144720e-02 2.505358658078743125e-02 -1.080459205538417122e-02 1.969526637427012131e-02 1.142973466334165286e-02 5.324676290765299747e-02 1.122190001281687770e-03 -5.592541566660891306e-02 3.465016062485956963e-03 -8.463468755538017599e-03 -4.218914240686193022e-03 -1.228023813605652430e-03 -2.603407590751877394e-03 -7.432261397070693935e-03 -4.145225168667198909e-03 -5.034936804893861036e-03 5.828344090981546141e-03 1.776801409155185588e-03 6.592403411951604057e-04 -5.157363937821240682e-03 -2.109607396794850771e-03 -4.947405386067495886e-03 -1.078875036947542438e-03 -2.393802834195372063e-03 -4.241129218642448497e-03 -3.654546252553276739e-03 -3.116028778480230653e-03 3.954589625079148706e-03 -4.024728120464315592e-03 -4.618864738721707372e-03 -8.946856992179553353e-03 5.418546907325411631e-03 5.308949507639045690e-03 -2.011236231752972642e-02 1.325218059707955563e-03 -3.150163508049658428e-03 -4.749142387826003550e-03 1.642292298100219219e-02 -2.974501840893433498e-03 4.949294507961337838e-04 1.732012223605536999e-02 -3.005281964183395722e-03 -4.469755058939391297e-03 -8.759641892549453052e-03 -4.090896966721010650e-03 -3.098829582911032370e-03 1.233496301661232350e-02 1.894165884789655776e-03 -4.618351946189294156e-03 5.509915025992688682e-04
5.184044579658145246e-02 -2.626707465158918588e-03 -4.781451251028717708e-02 -1.370678910175335101e-02 9.596608904835712828e-03 4.778606387826064145e-03 -4.739188076568226493e-02 9.899744044780547370e-01 -2.851125433389385504e-03 -3.904826714458177195e-01 -5.328031659746843007e-02 -7.566958243056157163e-02 -5.307865013442251978e-02 -4.722444244538777369e-03 -6.012513619500824136e-02 -1.738972277491446922e-02 -2.495273967643271001e-02 -1.002966252920436258e-02 -1.033676765812861775e-02 -1.356179188693660415e-02 -9.749858971870020360e-03 -7.347414027591155083e-03 9.854633448486738861e-03 -2.287056857396747335e-03 3.921112541974836052e-02 -4.132235551568903126e-03 -4.348203339578431831e-02 1.275447225501523119e-01 1.226279577938468391e-03 -1.291243469119150201e-02 -2.213995480957748133e-02 3.492483610283099449e-02 -7.575225950344219653e-03 1.501052755315012473e-04 -1.449172811255688368e-03 -3.077726307578195972e-02 -1.317557557429293279e-03 1.748056815819239856e-02 1.685301619073794471e-02 -3.890010439983670760e-03 -4.256311980732345457e-02 -2.588408648514999022e-02 -2.261939486422315237e-02 -2.146212400372865189e-02 -5.728932946309826801e-02 -5.813792622907104288e-03 -1.561080986096239319e-02 1.625862573317828907e-01 2.301241518575479761e-01 -8.905006073402355060e-02 -1.710637037591562076e-02 4.324555358399338745e-03 -6.019974679802047451e-02 -1.096886023187772230e-02 6.546711967626232809e-03 -1.335870661040699202e-02 -3.096867482218972761e-02 3.347758791506630360e-02 2.712349298281635165e-02 2.114690421357748318e-02 -2.255823782601910910e-02 3.790845140472626218e-02 -1.075115881315721021e-02 -2.367752426064097249e-02 -6.981201730347384379e-03 -7.748344548618335548e-03 -3.790657359267157051e-03 -1.005195025185792040e-02 -4.595992635158191800e-03 -3.115547896946199366e-03 -6.470863477932997307e-03 -3.949482947793652408e-03 -7.853758239493723210e-04 7.314838127422296395e-03 2.278136038810622734e-03 -3.200390105179488388e-03 -4.604845171394392374e-03 6.424856515574547955e-03 -1.803043905184883479e-03 -3.772271681610632303e-03 -3.504276938259376188e-04 -5.404845067281660413e-03 -1.204949254401013227e-02 -6.719943097335961263e-03 -6.054674913750618913e-03 -6.812442531942526636e-03 -2.092773872055589228e-03 -8.672681600352914744e-03 1.332578533788739833e-04 -1.796156731334882378e-02 6.231334729897087046e-04 1.152071439966314854e-03 -3.097352750290120228e-03 -5.400257542334699172e-03 -1.878683117416244828e-03 -7.807168098261384019e-03 -3.007395267868213234e-03 -4.354064388676501078e-03 -1.301531189857508750e-02 -8.286641424554611057e-03 -6.277503824107940993e-03 -4.982329098222815916e-03 3.360544985475356211e-02 -5.768994006259218349e-03 -2.414258923901652087e-05 -1.000780018837799275e-02
-1.613864440914123191e-02 5.986858192174534382e-03 4.785899482516024241e-03 -2.404593910806427466e-04 -1.607849493257765749e-03 -1.352920425903026726e-02 -1.706008405255715014e-03 -2.851125433389385504e-03 8.333223778060325770e-01 -1.861135181740942307e-02 -1.270840989374276593e-03 -3.219441381889013871e-03 -2.320188256842708931e-03 -3.102284555571790687e-04 -3.421873990301649033e-03 2.619519918684348747e-02 9.840140215781799371e-03 -1.679507520842006465e-03 -1.133340364550033215e-03 -1.504102593629287003e-03 -2.113467185437457440e-03 -1.897250083710314570e-03 -2.203277713330930795e-03 -2.479262831322048832e-03 -4.068553567578596028e-03 -4.351815692619236033e-04 -9.136677753122143808e-03 -1.606852559945895183e-03 -5.855438717337194988e-04 -5.708902444254773667e-04 4.617100485499119923e-03 -5.599091124799404802e-03 -2.337553680396064820e-04 -8.031924958991444596e-03 -1.593645683956982717e-03 1.491095919457798361e-02 -2.679786244293060581e-03 -2.526329902354125349e-03 -4.964849444201383487e-03 -2.141094112426386630e-04 -4.660098647689134635e-03 -3.060487060527420505e-03 -2.446362025002282465e-03 -3.087216073683475386e-03 -3.496963801425877986e-03 -5.064709016456492123e-03 -1.015170971701953844e-03 -3.292168779567067848e-03 -1.488399123648041951e-03 -4.023652229008567276e-03 -1.840269211543605178e-03 -2.889576095387098864e-03 4.779385317442554765e-02 -7.151643891281054231e-03 -8.201046801013829948e-03 -2.647664632159619450e-03 2.624151956724586274e-02 -5.055793747609433827e-03 -1.875440194845426605e-03 -1.377974363749897299e-03 -2.117982961337678757e-03 3.616599087317103056e-03 -1.328154914322059047e-03 -1.256218871889636362e-03 -2.462945708028113590e-04 -6.685058521783859191e-04 -5.368461175724810507e-04 -6.429177572871001183e-04 -6.764976800885527186e-04 -7.710816775106482364e-04 -3.532974842132370272e-04 -8.194820820223333276e-04 -5.788190859171119147e-04 -2.691050796574655799e-04 -6.946725186704510091e-04 -3.385841022410291832e-04 -6.824340137752132754e-04 -4.379955459917005242e-04 -1.184461895243073238e-04 -2.119242102766920809e-04 -2.163163960958286967e-04 -2.446058534643916140e-04 -5.116540503390585009e-04 -3.703090714788580783e-04 -2.921942100491451387e-04 -4.975741126401443670e-04 -7.831490162598760607e-04 -3.955324524913451001e-04 -3.458462297567436550e-04 -2.152727899688767176e-03 -4.909469482491257307e-04 -3.458462297566993653e-04 -4.542717063934858211e-04 -8.922999549233574454e-04 -5.846581290648890372e-04 -4.344087674617393472e-04 -8.135987590542892705e-04 -1.809665990749993942e-04 -6.303103900397304679e-04 -3.969290734949621445e-04 -3.244745941437919968e-04 -2.964136442951994231e-04 4.334843463923064577e-03 -7.286600568668149744e-04 -2.223297191293514233e-04 -1.571559891545894986e-03
-1.783923116207125070e-01 4.133283663250458123e-02 -1.711304732601126588e-02 -2.012140379953160710e-02 -1.680599647558929377e-02 -3.165084373221486568e-03 -2.604530576697452471e-01 -3.904826714458177195e-01 -1.861135181740942307e-02 9.858209933112075385e-01 -2.703239036139261642e-01 -4.330799624091649647e-01 -3.059365150309165116e-01 -3.082679921547800891e-02 -3.741341223283758954e-01 1.194059324445051300e-02 2.932713738873442277e-02 1.370325389499412599e-02 1.392765214425271611e-02 1.937353769977614298e-02 -2.040522205265542233e-02 1.113839205022968890e-02 -2.470891300574222429e-03 1.893971835517757607e-02 -2.269309616474831856e-02 -4.854801249909532213e-02 5.444865475509182845e-02 -7.717041525808902847e-02 6.548649436989020627e-03 -5.546577028374893165e-02 -3.112597439934440373e-03 -2.884135409808659140e-03 1.000828030206677918e-04 -6.019409984550613130e-02 -7.604912623404866488e-04 8.043965463361188450e-02 7.208218805096665294e-03 -4.619428282809960595e-02 3.679144207304704123e-02 -2.395290401823053916e-02 6.428954505726976187e-02 -1.327844388923690895e-02 -9.466137716853199879e-02 9.628312333476213292e-02 1.361331527633697358e-01 8.627677369003808328e-02 3.979750821860061211e-02 -9.707334451577062651e-02 -1.197960856930783829e-01 8.273429732459661179e-02 3.984342343680004339e-02 4.899674765342819371e-02 -3.746518553644088700e-01 -5.426676090244390849e-02 1.968567511734054670e-02 2.726815061484467659e-02 4.322793783921562161e-02 5.193954794021055262e-03 -1.849492420639223950e-02 -1.981729848594661336e-02 -2.246102556459534955e-03 -7.852455675062080392e-03 1.602187986544579418e-02 9.039042409437841874e-03 8.219390520496906022e-03 -3.749942450785241632e-03 -3.493647179739511367e-03 4.287932375351504594e-03 4.540590501587092771e-03 1.497375737777807345e-02 1.395929110777145016e-02 1.544108654262281270e-02 -2.497200957600096641e-05 -4.695091461889407125e-03 2.890232850379286043e-03 -6.585942571297314155e-03 2.142845533163902777e-02 2.754337607494284409e-03 4.598301176811325081e-03 -8.734303271460212501e-03 8.994472798065585722e-03 -1.396467317246452827e-03 -8.621117944237109915e-04 -5.100332362635994973e-03 1.259902342927406160e-02 -2.965858674125776070e-03 1.655613652638325550e-02 2.428225145462610708e-03 5.688114505087837197e-03 4.424663653674978936e-02 6.738083970336311915e-03 3.185151533181123165e-03 1.216259295848183195e-02 1.602965483762051890e-02 6.947289161030696311e-03 1.789597232472613184e-03 5.028218984425293983e-03 2.369302618900285401e-04 -1.602673638912399667e-02 -1.845217332290412585e-02 -8.029880422919357177e-03 5.894037639833670829e-05 -3.906434859505591994e-02 1.386051055067671033e-02 5.898899985055175432e-03 2.159212567732116290e-04
6.927486910830579769e-02 -2.007551826199815634e-02 5.316684199439974945e-02 6.539675984973532252e-02 7.784970817716396763e-03 9.083005663280228903e-02 -4.036777630196818761e-02 -5.328031659746843007e-02 -1.270840989374276593e-03 -2.703239036139261642e-01 9.603342826677372379e-01 -5.767875262740962405e-02 -3.961246177151298009e-02 -2.104949731677843369e-03 -3.401830655764880029e-02 -4.977711212454393602e-03 -1.339201189465653342e-02 -3.548141162186018403e-03 -3.689563692949690554e-03 -6.891873137652802100e-03 8.639383277662345852e-04 -2.168304479677533175e-03 1.666536324966135744e-04 -1.023138052534317000e-02 1.700162961969385947e-02 8.762170277113734418e-03 -9.077440323071742090e-03 -9.749301204910236496e-03 -3.973008902357046818e-03 5.507803380903773111e-02 -2.094608878018479076e-03 -9.923123889370423500e-03 -6.984915703776220855e-03 4.818906002596717864e-02 -6.757813695993528103e-03 -4.067197925523035468e-02 -6.003855562875594874e-03 2.955722569467611558e-03 -3.801957229658880361e-02 -2.300498439595941025e-03 -1.347566338431189538e-02 1.020816789944459652e-01 2.354854764293778241e-02 -2.469824626609298801e-02 -2.766276631471353137e-02 -2.623932824642497344e-02 -7.099645251659681723e-03 -1.886550869647226833e-02 -2.477966614362166892e-02 8.390179740442643697e-02 -3.205944714468883516e-02 -2.112230129346378410e-02 -3.403948518468715573e-02 5.996959958499664678e-02 -2.003526472718112489e-02 -1.316488398807805216e-02 -2.152265048950299797e-02 -1.783861376438944379e-02 -2.403950397998085020e-02 -1.024700784205224285e-02 7.112578052399690966e-03 -3.583802652233904207e-02 -4.560738028180104896e-03 3.048783565385139449e-02 -6.015059463065361781e-03 1.743574676690519930e-03 -8.998987815289859887e-03 -4.718674037708292177e-03 1.707317976222392023e-02 2.248910773981725730e-03 -3.865945836434533153e-03 -4.094161546454874213e-03 -4.188954493411819156e-03 6.615611993654284262e-05 3.838035509459982071e-03 1.208586450944216205e-02 -5.681197068035308967e-03 2.721830204994023662e-04 -8.036763565399297629e-04 1.625850832880743405e-02 -5.064915425498860667e-03 5.535152610934884060e-03 7.581147333765578429e-03 1.380247458970154228e-03 -4.142123734047604977e-03 -2.380897359993970706e-03 -4.180137562134237164e-03 -1.963250869744395145e-03 -3.715944606440586655e-03 -8.278900149359055133e-03 -4.269552177370950635e-03 -2.346622031242401058e-03 -4.050791692505593435e-03 -1.197758422764641853e-02 -3.420429874756063596e-03 5.521746427495649243e-03 -8.187506891953192506e-03 -3.377411855953749154e-03 1.420685677138607862e-02 2.495654172102428417e-02 1.857494837874064386e-02 5.288700865537279347e-03 -1.077578739620213555e-02 -6.715573977728863005e-03 2.977085132067683153e-03 2.921765917135379920e-02
1.241048294526850559e-01 -3.785261958866951992e-02 1.016120069152761096e-01 2.378546158129674765e-02 2.087222196778517128e-02 8.964309672890212466e-02 -5.194572065058763316e-02 -7.566958243056157163e-02 -3.219441381889013871e-03 -4.330799624091649647e-01 -5.767875262740962405e-02 9.811937149846055028e-01 -5.863526681752769670e-02 -5.332502122315036820e-03 -6.730394512196304080e-02 -1.153054779538462138e-03 -1.576415672450279942e-02 -1.184532419350456910e-02 9.246524951251118996e-04 -6.408882712946779164e-03 3.843738422445443920e-02 -5.173762033871561090e-03 -9.111586386781268115e-03 -2.984470703014946089e-03 -7.338820504992945269e-03 1.506739170308914536e-02 1.614178187653154961e-02 -1.170767617366723010e-02 -1.006488567634967850e-02 6.262002871819058458e-02 -2.130392688133221635e-02 -1.893373081391962545e-02 9.326159884395215580e-04 1.023678163254610335e-01 2.965273112222614055e-03 -9.041737509937583517e-02 -1.292573643476070157e-02 -6.431532006884595979e-04 -8.382396490629126506e-02 -4.346354712153563740e-03 7.562309534408864775e-02 1.990682795621755499e-02 2.298438791985273899e-01 -4.805545443151561930e-02 -5.535872020399486976e-02 -2.507785805518174954e-02 -1.761593228547154652e-02 9.312074920756162333e-03 -3.678810713885522637e-02 3.665904466583670002e-02 -3.318946656058721634e-02 -3.331825689678343579e-03 -6.738917846783076815e-02 1.062748871775579668e-01 -2.965657826047994605e-02 -1.548439695366487893e-02 -6.659948218028270694e-02 -3.757743318259712528e-02 -4.048757798718721421e-03 -1.896961696739898862e-04 -6.658150472132398114e-03 -5.297355019378418434e-02 -1.603648771186939534e-02 5.178170315078324537e-02 -2.363461407752195584e-03 4.251910708061127329e-03 -7.694251164747263616e-04 9.906228440333543495e-03 -8.623127680113093409e-06 -8.249704607382682409e-03 -7.226780263181421457e-03 -6.545230728637847079e-03 3.957393432676530043e-03 -3.857314204939556786e-03 -9.027346202286760588e-03 1.956050080454432502e-02 -1.255588756003955635e-02 -8.720862715169721419e-03 -2.035965900951424400e-03 2.030790568170933244e-03 -6.544447367580313521e-03 1.325810804416045416e-02 2.553295075691935923e-06 2.102418438412866769e-02 -2.123027595005246883e-03 1.320653547261510692e-02 -4.849006007751299925e-03 4.509212149723962684e-03 -7.020571312860838555e-03 -1.657272108598092583e-02 -5.181727511568771406e-03 -1.160446511996602648e-04 -3.244111120235121382e-04 -1.887623000653171346e-02 -1.098489224223112752e-03 -1.895088516601873977e-03 -5.759582842239143081e-03 1.300364826384563244e-03 2.729981539252497591e-02 -9.756475751860938656e-03 8.321337178591551101e-03 -2.116792188688767888e-04 1.211652993165234816e-02 -4.867995270386111031e-03 -1.220436149885487358e-03 -2.591759475821448552e-03
9.428468559173822441e-03 -9.839009074442713401e-03 -2.323112488823267374e-02 -1.319116327116977294e-02 -4.724084878653778997e-03 -2.712993532802948984e-02 -3.620181887765521606e-02 -5.307865013442251978e-02 -2.320188256842708931e-03 -3.059365150309165116e-01 -3.961246177151298009e-02 -5.863526681752769670e-02 9.856137690649731109e-01 -3.843029686264417231e-03 -4.804157739711772956e-02 -1.999113513160212172e-02 -2.482954649048953882e-02 -9.112761568188108147e-03 -1.225840627740321619e-02 -1.467047294636735812e-02 -1.559643839147486361e-02 -1.660626290894197388e-02 -5.490659151891450103e-04 -1.058250385390296575e-02 2.294824709703936066e-02 9.418005163362802579e-02 -4.749267306585305132e-02 6.346299720025069813e-02 -3.053745493599811268e-03 1.036341719172566636e-02 1.354187924963521673e-02 1.835290838635543487e-02 -5.721152847922397408e-03 -9.949536558109251666e-03 2.617223040515363752e-03 -1.848157495972073156e-04 3.936696130227968979e-03 -1.190738555065311462e-02 5.429489879396424273e-02 -3.095986795914938347e-03 -5.001313834658727836e-02 1.017779912252842617e-02 -2.174901016059560196e-02 -3.345056868239576486e-02 -4.130992530736079388e-02 -4.392073825631131849e-04 -1.268638694267191190e-02 1.097224383497981404e-01 9.427940727169670243e-02 -6.523886496740888274e-02 1.524073780846125353e-02 -1.430955280276686309e-02 -4.810377816476099633e-02 -1.153297693313528639e-02 1.584174728445213523e-02 -1.222295091643521396e-02 -1.152416707520462734e-02 1.357769047429512911e-02 4.012143109836376238e-03 5.268774867798477549e-03 1.633422757443092621e-02 1.698819115670903435e-02 -1.080112709874003762e-02 -2.093937059568078130e-02 -5.324390979847121869e-03 -4.484721533712980601e-03 1.827030389709297098e-02 -4.000603042476564945e-03 -1.174870321213986740e-02 -9.890877453621275267e-03 -5.145226676387506907e-03 -1.111902191801739104e-02 -9.488198375329015902e-04 3.612294073263903026e-04 -5.155944399290536377e-03 -5.913158736644769445e-03 -9.003730871651878867e-03 2.615650459962621556e-03 -1.467280690773739701e-03 5.540664009381131988e-03 -4.562229015331105419e-03 -4.212755551618383235e-03 2.629175386783253604e-02 -8.168097775136187039e-03 -4.749806906189132927e-03 -2.386612494545867994e-03 -3.770428073981594436e-03 -1.044315216216551694e-03 -5.000879478059789413e-03 -2.454320124497134242e-02 -1.108706899873460137e-03 3.689058979808783854e-03 -6.134250678053394627e-03 -9.974326059056289745e-03 -9.270483484412405523e-03 -1.547767241432247264e-03 -3.003510032048557418e-03 4.977482506140148977e-03 -1.021402656671632769e-02 1.928804661484033803e-02 2.021107400500962541e-03 3.356718759021966227e-03 2.314664082460259065e-02 -5.827510030010208883e-03 -4.904041040411935559e-03 -2.546830508441704465e-03
1.848253759260986076e-02 -5.374394723799975904e-03 2.332607897256125298e-03 1.349366199142334685e-04 -2.663151714264695453e-03 -1.040048947534181339e-02 -2.825736630240616772e-03 -4.722444244538777369e-03 -3.102284555571790687e-04 -3.082679921547800891e-02 -2.104949731677843369e-03 -5.332502122315036820e-03 -3.843029686264417231e-03 9.522832697266870872e-01 -5.667800140177855182e-03 -4.144218487718340400e-03 -4.602813434676790959e-03 -2.781842051763851534e-03 -1.877201409307980738e-03 -2.491311169019608165e-03 8.387723871077510177e-03 -3.142498619438599886e-03 5.594976791873453731e-03 -4.106511888726240359e-03 -6.738923918888129611e-03 -7.208103414265055629e-04 9.503267741686409475e-03 -2.661500449848815120e-03 -9.698620252245487329e-04 -9.455905788909685318e-04 5.264541264626786381e-04 -9.274020478825957189e-03 -3.871792799783091736e-04 9.821827531492055216e-03 1.197089781884286448e-02 -6.808285861735427665e-03 -4.438647622354294393e-03 5.300926924381677181e-03 2.100416161977819093e-03 -3.546388191074492961e-04 -2.743944047882614871e-03 -5.069219100361800276e-03 5.337564346425294898e-02 -5.113491538488179784e-03 1.039975385915950512e-03 -2.921371741447150068e-03 -1.681472255269564646e-03 -5.452963704451905570e-03 -2.465300822170359701e-03 -6.664551860250016516e-03 -3.048118698911051697e-03 2.897578040000608340e-03 -5.677381405202605417e-03 1.574103583774590391e-03 -1.358375391383073900e-02 -4.385443185759543318e-03 7.099525394103145710e-03 2.367988195298592526e-03 1.233596890850584965e-02 -2.282399443744261448e-03 5.974267314119032120e-03 -1.835051592664352360e-03 -2.199881302151123451e-03 -2.105441041964570270e-04 -4.079485120954925753e-04 -1.107275596187255176e-03 -8.892017967520859109e-04 -1.064892911077937494e-03 -1.120512811665748875e-03 -1.277176439655326127e-03 -5.851821359360949090e-04 -1.357344154847406727e-03 -9.587234671997391577e-04 -4.457305594916075335e-04 -1.150616594841458564e-03 -5.608117153298997331e-04 -1.130345421807815070e-03 -7.254712546422672267e-04 -1.961876245276291666e-04 -3.510193747979401826e-04 -3.582943450253004260e-04 -4.051514154187388752e-04 -8.474750696413878032e-04 -6.133591748804707346e-04 -4.839740999730921672e-04 -8.241538505991575104e-04 -1.297164102687475449e-03 -6.551377683776125936e-04 -5.728402960050576207e-04 -3.565657743739333429e-03 -8.131769872286611061e-04 -5.728402960049887738e-04 -7.524301737801955331e-04 1.976622395656146836e-02 -9.683949307490890461e-04 -7.195303158718467087e-04 -1.347599348687985275e-03 -2.997429240562141735e-04 -1.044010775132619929e-03 -6.574510530705660397e-04 -5.374415175384678577e-04 -4.909629341846761825e-04 1.754767702564341515e-03 -1.206911646704659407e-03 -3.682544760033361819e-04 -2.603043653523330267e-03
